2

--------------------------------------------------------------------------
                 expr min  lq     mean median  uq     max neval
1   Factorial_loop(2) 3.4 3.6  4.04054    3.7 3.9   123.3  5000
2 Factorial_reduce(2) 6.3 6.6 10.26486    6.8 7.2 13448.4  5000
3   Factorial_func(2) 3.4 3.6  4.10352    3.8 4.0    40.5  5000
4    Factorial_mem(2) 1.9 2.1  2.47596    2.2 2.4    60.3  5000



3

--------------------------------------------------------------------------
                 expr min  lq     mean median   uq    max neval
1   Factorial_loop(3) 3.5 3.7  6.42704    3.9  4.7 7392.6  5000
2 Factorial_reduce(3) 9.3 9.9 13.17380   10.2 11.9  178.8  5000
3   Factorial_func(3) 5.2 5.6  7.54162    5.9  7.2   66.4  5000
4    Factorial_mem(3) 1.9 2.2  3.12702    2.3  2.8  228.0  5000



4

--------------------------------------------------------------------------
                 expr  min   lq     mean median   uq    max neval
1   Factorial_loop(4)  3.5  3.9  7.25446    4.6  8.3  398.3  5000
2 Factorial_reduce(4) 10.5 11.3 23.70402   14.9 25.4 1672.8  5000
3   Factorial_func(4)  7.0  7.7 15.65924    9.1 18.0 5735.4  5000
4    Factorial_mem(4)  1.9  2.3  4.81858    2.7  5.5  451.4  5000



5

--------------------------------------------------------------------------
                 expr  min   lq     mean median   uq    max neval
1   Factorial_loop(5)  3.6  3.9  5.37538    4.1  5.4  125.8  5000
2 Factorial_reduce(5) 11.5 12.4 19.01092   12.9 16.3 7762.4  5000
3   Factorial_func(5)  8.9  9.5 13.46360   10.0 12.5  399.0  5000
4    Factorial_mem(5)  1.9  2.2  3.37568    2.4  3.5  322.8  5000



10

--------------------------------------------------------------------------
                  expr  min   lq     mean median   uq    max neval
1   Factorial_loop(10)  3.8  4.2  6.31174    4.5  9.0   99.6  5000
2 Factorial_reduce(10) 17.1 18.5 26.98748   19.3 38.5  272.2  5000
3   Factorial_func(10) 18.0 19.4 31.25698   20.2 42.2 6915.3  5000
4    Factorial_mem(10)  1.9  2.3  3.69326    2.5  5.2  162.3  5000



15

--------------------------------------------------------------------------
                  expr  min   lq     mean median   uq    max neval
1   Factorial_loop(15)  4.0  4.5  6.79422    4.8  9.7  128.6  5000
2 Factorial_reduce(15) 22.5 24.7 36.82408   26.2 50.3 5944.2  5000
3   Factorial_func(15) 27.5 29.6 45.65900   31.0 64.4 6656.5  5000
4    Factorial_mem(15)  1.9  2.3  3.66556    2.6  5.2   91.9  5000



20

--------------------------------------------------------------------------
                  expr  min   lq     mean median   uq    max neval
1   Factorial_loop(20)  4.2  4.7  6.18806    5.0  5.4  102.2  5000
2 Factorial_reduce(20) 27.6 30.1 41.40088   31.4 34.6 9144.4  5000
3   Factorial_func(20) 37.0 39.4 50.97800   40.3 43.5 8485.4  5000
4    Factorial_mem(20)  1.9  2.3  4.37732    2.6  2.9 6055.7  5000



25

--------------------------------------------------------------------------
                  expr  min   lq     mean median   uq    max neval
1   Factorial_loop(25)  4.4  5.1  7.01600    5.4  6.0  515.4  5000
2 Factorial_reduce(25) 33.0 36.4 51.09934   38.2 44.6 8633.2  5000
3   Factorial_func(25) 46.8 49.8 67.16928   51.1 58.9 6182.5  5000
4    Factorial_mem(25)  1.9  2.4  3.50988    2.7  3.2   95.0  5000



30

--------------------------------------------------------------------------
                  expr  min   lq     mean median   uq    max neval
1   Factorial_loop(30)  4.7  5.2  6.18536    5.5  5.8   99.6  5000
2 Factorial_reduce(30) 38.3 41.7 50.62378   43.5 45.7 6328.0  5000
3   Factorial_func(30) 57.3 59.5 70.99128   60.6 62.8 8198.4  5000
4    Factorial_mem(30)  1.9  2.4  4.20468    2.6  2.9 5817.4  5000



60

--------------------------------------------------------------------------
                  expr   min    lq      mean median    uq     max neval
1   Factorial_loop(60)   6.0   6.6   7.77618    7.1   7.4   120.7  5000
2 Factorial_reduce(60)  71.5  77.0  88.59430   78.7  82.3  6435.6  5000
3   Factorial_func(60) 116.4 119.5 144.22530  121.2 125.8 11972.6  5000
4    Factorial_mem(60)   1.9   2.4   3.19972    2.8   3.1   190.7  5000



2

--------------------------------------------------------------------------
                 expr min  lq    mean median  uq    max neval
1   Factorial_loop(2) 3.4 3.6 4.87552    3.8 4.2  544.6  5000
2 Factorial_reduce(2) 6.3 6.7 9.59854    6.9 8.1 2489.5  5000
3   Factorial_func(2) 3.4 3.6 4.92262    3.8 4.4  194.1  5000
4    Factorial_mem(2) 1.9 2.1 2.87550    2.2 2.5  298.7  5000



3

--------------------------------------------------------------------------
                 expr min  lq     mean median   uq    max neval
1   Factorial_loop(3) 3.5 3.7  4.18782    3.9  4.1   52.8  5000
2 Factorial_reduce(3) 9.3 9.9 11.10898   10.1 10.5  110.7  5000
3   Factorial_func(3) 5.2 5.6  7.46874    5.8  6.1 6177.1  5000
4    Factorial_mem(3) 1.9 2.1  2.47912    2.3  2.4   51.4  5000



4

--------------------------------------------------------------------------
                 expr  min   lq     mean median   uq    max neval
1   Factorial_loop(4)  3.5  3.8  4.41682    3.9  4.2  121.6  5000
2 Factorial_reduce(4) 10.5 11.1 14.47356   11.4 12.1 6100.6  5000
3   Factorial_func(4)  7.0  7.5  8.68578    7.8  8.2  182.1  5000
4    Factorial_mem(4)  1.9  2.1  2.61118    2.3  2.5   85.8  5000



5

--------------------------------------------------------------------------
                 expr  min   lq     mean median   uq      max neval
1   Factorial_loop(5)  3.6  3.9 34.04838    4.0  4.3 146079.4  5000
2 Factorial_reduce(5) 11.5 12.3 15.34530   12.7 13.5    510.2  5000
3   Factorial_func(5)  8.9  9.5 11.40620    9.8 10.5    495.2  5000
4    Factorial_mem(5)  1.9  2.2  2.77264    2.4  2.6    122.4  5000



10

--------------------------------------------------------------------------
                  expr  min   lq     mean median   uq    max neval
1   Factorial_loop(10)  3.8  4.2  4.89156    4.3  4.6  186.1  5000
2 Factorial_reduce(10) 17.0 18.4 21.35436   19.0 20.0 1097.9  5000
3   Factorial_func(10) 18.1 19.2 24.30460   19.8 20.8 6698.1  5000
4    Factorial_mem(10)  1.9  2.2  2.71112    2.4  2.6  106.8  5000



15

--------------------------------------------------------------------------
                  expr  min   lq     mean median   uq    max neval
1   Factorial_loop(15)  4.0  4.5  5.33760    4.7  5.0  106.3  5000
2 Factorial_reduce(15) 22.4 24.5 28.91260   25.4 26.8 1196.6  5000
3   Factorial_func(15) 27.4 29.2 37.34200   30.1 31.6 6250.6  5000
4    Factorial_mem(15)  1.9  2.3  2.84354    2.5  2.7   59.1  5000



20

--------------------------------------------------------------------------
                  expr  min   lq     mean median   uq    max neval
1   Factorial_loop(20)  4.2  4.7  6.02696    5.0  5.3  557.4  5000
2 Factorial_reduce(20) 27.6 30.0 39.60918   31.2 33.2 6287.2  5000
3   Factorial_func(20) 36.8 39.2 47.19300   40.0 42.0 5628.4  5000
4    Factorial_mem(20)  1.9  2.3  3.41040    2.5  2.8 1936.4  5000



25

--------------------------------------------------------------------------
                  expr  min   lq     mean median   uq    max neval
1   Factorial_loop(25)  4.5  5.0  6.10128    5.3  5.6   63.6  5000
2 Factorial_reduce(25) 33.1 36.2 44.06642   37.8 40.2 5551.9  5000
3   Factorial_func(25) 46.6 49.8 62.54934   50.7 53.0 6521.7  5000
4    Factorial_mem(25)  1.9  2.4  3.15224    2.6  2.9  221.8  5000



30

--------------------------------------------------------------------------
                  expr  min   lq     mean median   uq    max neval
1   Factorial_loop(30)  4.7  5.2  6.36048    5.5  5.8  219.2  5000
2 Factorial_reduce(30) 38.3 41.2 49.27332   43.0 44.7 6676.0  5000
3   Factorial_func(30) 57.1 59.2 73.15530   60.1 62.1 5997.0  5000
4    Factorial_mem(30)  1.9  2.4  3.17138    2.7  2.9  239.7  5000



60

--------------------------------------------------------------------------
                  expr   min    lq      mean median    uq    max neval
1   Factorial_loop(60)   6.0   6.8   9.14964    7.1   7.5 6299.1  5000
2 Factorial_reduce(60)  72.1  78.1  92.44726   80.2  84.2 6708.5  5000
3   Factorial_func(60) 117.1 120.2 143.18564  122.4 127.5 6560.5  5000
4    Factorial_mem(60)   1.9   2.5   3.21530    2.8   3.1  119.1  5000



